Forskjellen mellom 1-15Hz på 1-90Km/t

|   Km/H |    m/s   |  1Hz  |  2Hz  |  3Hz  |  4Hz  |  5Hz  |  6Hz  |  7Hz  |  8Hz  |  9Hz  | 10Hz  | 11Hz  | 12Hz  | 13Hz  | 14Hz  | 15Hz  |
|-------:|---------:|------:|------:|------:|------:|------:|------:|------:|------:|------:|------:|------:|------:|------:|------:|------:|
|  2.5   |  0.69444 | 0.694 | 0.347 | 0.231 | 0.174 | 0.139 | 0.116 | 0.099 | 0.087 | 0.077 | 0.069 | 0.063 | 0.058 | 0.053 | 0.050 | 0.046 |
|    5   |  1.38889 | 1.389 | 0.694 | 0.463 | 0.347 | 0.278 | 0.231 | 0.198 | 0.174 | 0.154 | 0.139 | 0.126 | 0.116 | 0.107 | 0.099 | 0.093 |
|  7.5   |  2.08333 | 2.083 | 1.042 | 0.694 | 0.521 | 0.417 | 0.347 | 0.298 | 0.260 | 0.231 | 0.208 | 0.189 | 0.174 | 0.160 | 0.149 | 0.139 |
|   10   |  2.77778 | 2.778 | 1.389 | 0.926 | 0.694 | 0.556 | 0.463 | 0.397 | 0.347 | 0.309 | 0.278 | 0.253 | 0.231 | 0.214 | 0.198 | 0.185 |
|   20   |  5.55556 | 5.556 | 2.778 | 1.852 | 1.389 | 1.111 | 0.926 | 0.794 | 0.694 | 0.617 | 0.556 | 0.505 | 0.463 | 0.427 | 0.397 | 0.370 |
|   30   |  8.33333 | 8.333 | 4.167 | 2.778 | 2.083 | 1.667 | 1.389 | 1.190 | 1.042 | 0.926 | 0.833 | 0.758 | 0.694 | 0.641 | 0.595 | 0.556 |
|   40   | 11.1111  | 11.111| 5.556 | 3.704 | 2.778 | 2.222 | 1.852 | 1.587 | 1.389 | 1.235 | 1.111 | 1.010 | 0.926 | 0.855 | 0.794 | 0.741 |
|   50   | 13.8889  | 13.889| 6.944 | 4.630 | 3.472 | 2.778 | 2.315 | 1.984 | 1.736 | 1.543 | 1.389 | 1.263 | 1.157 | 1.068 | 0.992 | 0.926 |
|   60   | 16.6667  | 16.667| 8.333 | 5.556 | 4.167 | 3.333 | 2.778 | 2.381 | 2.083 | 1.852 | 1.667 | 1.515 | 1.389 | 1.282 | 1.190 | 1.111 |
|   70   | 19.4444  | 19.444| 9.722 | 6.481 | 4.861 | 3.889 | 3.241 | 2.778 | 2.431 | 2.160 | 1.944 | 1.768 | 1.620 | 1.496 | 1.389 | 1.296 |
|   80   | 22.2222  | 22.222| 11.111| 7.407 | 5.556 | 4.444 | 3.704 | 3.175 | 2.778 | 2.469 | 2.222 | 2.020 | 1.852 | 1.709 | 1.587 | 1.481 |
|   90   | 25       | 25    | 12.5  | 8.333 | 6.25  | 5     | 4.167 | 3.571 | 3.125 | 2.778 | 2.5   | 2.273 | 2.083 | 1.923 | 1.786 | 1.667 |
